(* Created with the Wolfram Language : www.wolfram.com *)
{{5.714285714285713, 0, 1.7763568394002505*^-15, 0, 1.1899612724376856, 
  1.340806926309886, -0.8569191025554512, 0, 0.3816809846650642, 0, 
  0.33447676930927506, 0, 0, 0, -0.0728248083668035}, 
 {0, 13.693901035673193, 0, -3.829717671587815, 0, 0, 0, 1.9356306917908397, 
  0, 4.565347529613935, 0, -3.394949986914768, -0.5085599138757452, 
  1.375661746785108, 0}, {1.7763568394002505*^-15, 0, 13.693901035673193, 0, 
  -2.8643463906695312, 2.5420970080487555, 2.176877952615704, 0, 
  -0.9948221183561741, 0, 4.853737508650495, 0, 0, 0, 0.9312689952245842}, 
 {0, -3.829717671587815, 0, 26.00582413620142, 0, 0, 0, -2.809944092436652, 
  0, -6.6274891047993085, 0, 6.293671212821364, 7.65917492296693, 
  -6.794597135225047, 0}, {1.1899612724376856, 0, -2.8643463906695312, 0, 
  25.717525788880597, -0.3248445389651873, -10.407370512964535, 0, 
  2.4066331248340465, 0, -1.552662419636107, 0, 0, 0, 0.2979362672279462}, 
 {1.340806926309886, 0, 2.5420970080487555, 0, -0.3248445389651873, 
  25.639800621061116, -6.965819265427729, 0, 5.080810668103023, 0, 
  7.702150491283303, 0, 0, 0, -1.6413630265234254}, 
 {-0.8569191025554512, 0, 2.176877952615704, 0, -10.407370512964535, 
  -6.965819265427729, 44.31961577064297, 0, -12.325598960188493, 0, 
  2.3567121445820627, 0, 0, 0, 7.084950053423072}, 
 {0, 1.9356306917908397, 0, -2.809944092436652, 0, 0, 0, 40.43649663461025, 
  0, 0.9748925306605096, 0, -9.611571048253236, -0.8678097560873645, 
  7.155168130328271, 0}, {0.3816809846650642, 0, -0.9948221183561741, 0, 
  2.4066331248340465, 5.080810668103023, -12.325598960188493, 0, 
  56.50309737266393, 0, -13.942070581066233, 0, 0, 0, -8.73774269792805}, 
 {0, 4.565347529613935, 0, -6.6274891047993085, 0, 0, 0, 0.9748925306605096, 
  0, 42.32252447126432, 0, -22.66969744122719, -2.0468021833559007, 
  5.032528196078301, 0}, {0.33447676930927506, 0, 4.853737508650495, 0, 
  -1.552662419636107, 7.702150491283303, 2.3567121445820627, 0, 
  -13.942070581066233, 0, 49.84373652699923, 0, 0, 0, 10.677302908510335}, 
 {0, -3.394949986914768, 0, 6.293671212821364, 0, 0, 0, -9.611571048253236, 
  0, -22.66969744122719, 0, 67.40190266387947, 2.4804143714400837, 
  -24.173444418365218, 0}, {0, -0.5085599138757452, 0, 7.65917492296693, 0, 
  0, 0, -0.8678097560873645, 0, -2.0468021833559007, 0, 2.4804143714400837, 
  59.980922264224375, -26.553064045147828, 0}, 
 {0, 1.375661746785108, 0, -6.794597135225047, 0, 0, 0, 7.155168130328271, 0, 
  5.032528196078301, 0, -24.173444418365218, -26.553064045147828, 
  92.47527145629056, 0}, {-0.0728248083668035, 0, 0.9312689952245842, 0, 
  0.2979362672279462, -1.6413630265234254, 7.084950053423072, 0, 
  -8.73774269792805, 0, 10.677302908510335, 0, 0, 0, 75.44524074781214}}
